0.062191722067338626
0.06412180999356637
0.07741797126313532
0.06862534848809779
0.10057902637786832
0.12524126099077848
0.11194509972120952
0.1408964186146258
0.13596397169204374
0.15505039674029594
0.14797340767746087
0.07891915076131246
0.10980055758095647
0.11473300450353849
0.04825219815569376
0.061333905211237404
0.12524126099077848
0.10787046965472871
0.07591679176495818
0.07162770748445207
0.07076989062835085
0.11387518764743727
0.1070126527986275
0.07355779541067982
0.134033883765816
0.09092858674672957
0.09521767102723569
0.010508256487239975
0.03881621273858031
0.0268067767531632
0.0
0.034312674244048894
0.1151619129315891
0.15076131245978983
0.21574093930945742
0.22496247051254556
0.24233326184859533
0.2539137894059618
0.28565301308170704
0.30023589963542785
0.2929444563585675
0.32296804632211024
0.32425477160626204
0.34334119665451424
0.38408749731932235
0.35149045678747587
0.425262706412181
0.4717992708556723
0.4861677031953678
0.4698691829294446
0.476517263564229
0.5039674029594682
0.5391378940596183
0.5183358352991636
0.451211666309243
0.33090285224104654
0.40960754878833366
0.39330902852241045
0.44370576881835727
0.4297662449067124
0.3660733433411967
0.38901994424190434
0.4419901351061548
0.4670812781471156
0.5378511687754665
0.541067981985846
0.5200514690113661
0.5906069054256916
0.5640145828865537
0.5603688612481236
0.5146901136607335
0.5149045678747587
0.48745442847951964
0.4679390950032168
0.4992494102509114
0.5607977696761741
0.5644434913146044
0.5477160626206306
0.5226249195796697
0.5290585460004289
0.6045464293373365
0.5813853742226035
0.5976838944885267
0.5940381728500965
0.5447137036242762
0.46322110229466007
0.46600900707698906
0.4936736006862535
0.44627921938666093
0.4748016298520266
0.6075487883336907
0.6517263564229037
0.6686682393309028
0.6403602830795625
0.6755307741797126
0.6538708985631567
0.6688826935449281
0.6725284151833584
0.7188505254128243
0.7199227964829509
0.7229251554793051
0.6045464293373365
0.6748874115376368
0.635856744585031
0.60347415826721
0.6352133819429552
0.6137679605404246
0.6643791550503967
0.6425048252198156
0.6229894917435128
0.6978340124383444
0.6815354921724212
0.6997641003645722
0.6982629208663951
0.7836156980484666
0.7649581814282651
0.81406819644006
0.8106369290156552
0.8239330902852241
0.8174994638644649
0.752948745442848
0.788762599185074
0.8275788119236543
0.8406605189791979
0.9603259704053184
1.0
0.9365215526485096
0.9706197726785332
0.9320180141539781
0.9307312888698263
0.9185073986703839
0.8228608192150976
0.8007720351704911
0.8144971048681107
0.7510186575166202
0.6184859532489814
0.6354278361569805
0.7074844520694832
0.7773965258417328
0.7405104010293803
0.8325112588462363
0.8205018228608192
0.7523053828007721
0.7956251340338838
0.8391593394810208
0.83508470941454
0.8636071198799057
0.9088569590392451
