0.09616537627647785;0.058385968305518156;0.08618691314842959;0.08618691314842959
0.10491176753133076;0.07777061111198863;0.08788501686018295;0.08788501686018295
0.1089759676572368;0.07586078020447547;0.10035770675702173;0.10035770675702173
0.12362216942304939;0.0900432942113964;0.09216133419510339;0.09216133419510339
0.12698243962519276;0.0829528192345145;0.12187640609153742;0.12187640609153742
0.15463337937003094;0.1304024778586124;0.1448432026410849;0.1448432026410849
0.15976558579319833;0.1204001839206505;0.132630677586208;0.132630677586208
0.16383564611826876;0.1210361435343741;0.1594616694642984;0.1594616694642984
0.1747219521002641;0.13979693713870509;0.1548654192561384;0.1548654192561384
0.17403013258808553;0.1446752289323303;0.17264610155040663;0.17264610155040663
0.17810019291315596;0.1445689753211951;0.16609158078846417;0.16609158078846417
0.1515891359083723;0.09787754446622561;0.10163939031631879;0.10163939031631879
0.1366769091014327;0.10455784950307309;0.13045247955797015;0.13045247955797015
0.14312517625223994;0.10263551817072049;0.1352127973421299;0.1352127973421299
0.11448787498491857;0.07309857632821486;0.07309857632821486;0.07309857632821486
0.10402579942081912;0.07159071308197475;0.08532906999377235;0.08532906999377235
0.14797729315628522;0.10704582405937597;0.1449432060398004;0.1449432060398004
0.1686537778672945;0.1268183720491923;0.12864030796950615;0.12864030796950615
0.12933642562776132;0.07522677465716288;0.09894750282983078;0.09894750282983078
0.13362055522818997;0.07952301466917638;0.09493721053603661;0.09493721053603661
0.11410583000073785;0.08978508143577761;0.09404147609360645;0.09404147609360645
0.13512881048775263;0.1041078342088533;0.13441081808606348;0.13441081808606348
0.14595496042528502;0.1161699621523337;0.1280305212452946;0.1280305212452946
0.12430422460337737;0.08517320669660262;0.09673141151375136;0.09673141151375136
0.15311731184496008;0.12299246002174624;0.15311731184496008;0.15311731184496008
0.12328231387271894;0.09231719949234178;0.112947978650002;0.112947978650002
0.12431047481579709;0.09098512222036373;0.11686607981058816;0.11686607981058816
0.12768636954895543;0.010372616523745172;0.037831363736727734;0.037831363736727734
0.07186650445502024;0.0;0.06442445352947765;0.06442445352947765
0.07997068588372983;0.047395750791986026;0.05307406777526741;0.05307406777526741
0.04200962973927576;0.02321094484717113;0.02819900437136245;0.02819900437136245
0.08458099856981706;0.026418865871574895;0.06004227459674377;0.06004227459674377
0.14832730505178948;0.07927300617238761;0.13556085717129182;0.13556085717129182
0.18949472016755955;0.15830342610023934;0.16876198554484073;0.16876198554484073
0.23678812548123238;0.21109740835651974;0.22926989996681998;0.22926989996681998
0.24337233325211774;0.21923362087383857;0.23788230266793786;0.23788230266793786
0.2837698002004292;0.23080198403622906;0.25415277763630034;0.25415277763630034
0.26807121866843736;0.23626427967780914;0.26502502114036847;0.26502502114036847
0.2965663291032609;0.26834935412114846;0.2944701638629886;0.2944701638629886
0.3188748992823268;0.28663395954174836;0.3080807824334716;0.3080807824334716
0.3157228381563773;0.29268807129679075;0.30125633049764805;0.30125633049764805
0.33643955823482585;0.2949381477678897;0.3294053351697207;0.3294053351697207
0.3379794545697424;0.31999290527887875;0.3304495106570691;0.3304495106570691
0.36149431574581486;0.3173650819696757;0.34824386541601;0.34824386541601
0.3938715881197933;0.35244596222847163;0.3862752359501687;0.3862752359501687
0.36961685779852904;0.345727763903784;0.35591834624091534;0.35591834624091534
0.42491873728820534;0.36912270100411587;0.42484060863292455;0.42484060863292455
0.47164415329819365;0.4252503885597051;0.468090126511039;0.468090126511039
0.509515362389106;0.4741442382660814;0.4815206609611833;0.4815206609611833
0.48025460193290126;0.4399590924497156;0.4662459238339672;0.4662459238339672
0.48305040095092605;0.46166569017014614;0.4725801231080638;0.4725801231080638
0.5064293195068524;0.48588448126997985;0.49811692900194904;0.49811692900194904
0.5335583675146777;0.4852825068112765;0.5310282035245245;0.5310282035245245
0.5352701436911029;0.4805764888725504;0.5114634745976474;0.5114634745976474
0.5183176155424818;0.41344803544493197;0.44884337839105765;0.44884337839105765
0.3968838004928434;0.33278162191620225;0.33674152249738337;0.33674152249738337
0.41368827760980226;0.3665206585711016;0.4100881552560439;0.4100881552560439
0.44772732446084884;0.3950337376166065;0.3950337376166065;0.3950337376166065
0.44450338689210683;0.4078040936299254;0.44185720295889924;0.44185720295889924
0.4849485114601104;0.42053851042181456;0.42888684014814926;0.42888684014814926
0.407306028702691;0.3504240175106588;0.36955474568758645;0.36955474568758645
0.4043039746748826;0.3773268858315417;0.3909773497562086;0.3909773497562086
0.4618559306356579;0.42325852486422566;0.44037707465525894;0.44037707465525894
0.4884908198490028;0.45721749099364833;0.46376380747676077;0.46376380747676077
0.5357201589853228;0.4560654998420776;0.5296781576418652;0.5296781576418652
0.5743656123897024;0.5212559954062598;0.5327040404795192;0.5327040404795192
0.5280120850187211;0.4877907960579942;0.5130475144328253;0.5130475144328253
0.5856281051567813;0.5426106271647743;0.5789696768634379;0.5789696768634379
0.5588592273897014;0.5323423101857534;0.5541071118843044;0.5541071118843044
0.5833877950176009;0.5431344729681983;0.550678871372122;0.550678871372122
0.5369385603939134;0.4925026741958847;0.5080973461964076;0.5080973461964076
0.5343982400585864;0.4971051746164645;0.50831532160452;0.50831532160452
0.49689696554027063;0.444401039413725;0.4827964863213839;0.4827964863213839
0.5236197477407462;0.458607772243747;0.4646278988437698;0.4646278988437698
0.5016631415235276;0.4738704009594469;0.4937390442151567;0.4937390442151567
0.5554430952890359;0.5318461993249299;0.5510730247678196;0.5510730247678196
0.5743554560445286;0.5368123841056858;0.5544950150675816;0.5544950150675816
0.556900956835919;0.5103013271009021;0.5388624537793537;0.5388624537793537
0.5390605065103737;0.49986308034664845;0.5154854872897704;0.5154854872897704
0.5387624503806382;0.46285166647673637;0.5215638178679138;0.5215638178679138
0.592126374006947;0.5434825327973595;0.5920021497850625;0.5920021497850625
0.6096726723354414;0.5664813604355154;0.5703295392197195;0.5703295392197195
0.589920049022786;0.56266912287281;0.5856081824796897;0.5856081824796897
0.596922238999214;0.5694353668303771;0.5821139237238113;0.5821139237238113
0.5522308761185555;0.5291500136923653;0.5361522056688612;0.5361522056688612
0.5303539606097047;0.45529750374096206;0.4601117293572337;0.4601117293572337
0.47362039246265814;0.4201162300701946;0.4626458014802089;0.4626458014802089
0.4947250157243838;0.4606539357846615;0.48853066520318744;0.48853066520318744
0.493076913711989;0.4443631481259521;0.4443631481259521;0.4443631481259521
0.4762704825286191;0.43667499683644206;0.4709042841530012;0.4709042841530012
0.5988805095529972;0.5075215446272155;0.5946905231521197;0.5946905231521197
0.6644046104550909;0.6223031795958617;0.6358856732104896;0.6358856732104896
0.6853334477425546;0.6356196481693626;0.6516580832516169;0.6516580832516169
0.65772039928549;0.6164510287046613;0.625367345734612;0.625367345734612
0.6608185505792598;0.6120887704489518;0.6582165101463134;0.6582165101463134
0.6851834426444813;0.6261954998802584;0.6379638678400119;0.6379638678400119
0.6657929396388464;0.6287135534588274;0.6518561379827048;0.6518561379827048
0.6585286307540448;0.6340234999226678;0.655336334260656;0.655336334260656
0.7184646517396533;0.684127546758804;0.6986120230282146;0.6986120230282146
0.7154883785880345;0.6884413653682427;0.6995499449044271;0.6995499449044271
0.7059200833999542;0.6859975323121326;0.7024039499006411;0.7024039499006411
0.719808447409893;0.578955612385442;0.5918662071649164;0.5918662071649164
0.6640026447938857;0.6227891341115113;0.6574985157445556;0.6574985157445556
0.6716111053750272;0.6107129416900358;0.621225408966749;0.621225408966749
0.631269500325238;0.5798138455533546;0.5910423511653468;0.5910423511653468
0.6374919778023574;0.5997606174643445;0.6206273426408669;0.6206273426408669
0.6232891511050889;0.5805978561987404;0.6005247054326387;0.6005247054326387
0.6589544252250956;0.6211953299444829;0.6478200628126546;0.6478200628126546
0.6902156436688652;0.6272873329872989;0.6272873329872989;0.6272873329872989
0.6308714407967869;0.5968062190561604;0.6091566387975257;0.6091566387975257
0.6813692490152968;0.6259493975162237;0.6788633058483119;0.6788633058483119
0.6887675484539013;0.6584903474529479;0.663778809186609;0.663778809186609
0.6923094648294712;0.6685828784577068;0.6807731367558257;0.6807731367558257
0.6902093934564455;0.5876020002415802;0.6794113704748369;0.6794113704748369
0.7635341514716714;0.7030660804038081;0.7589218847191739;0.7589218847191739
0.7847426842648674;0.7370672359670811;0.7415732491084441;0.7415732491084441
0.7985572177656027;0.752063839641654;0.787368945520982;0.787368945520982
0.8076254939600376;0.7673440469547792;0.7842387611385357;0.7842387611385357
0.811755712329639;0.7717004450113235;0.7964911315475967;0.7964911315475967
0.8240619905708109;0.788781103514584;0.7904788172130812;0.7904788172130812
0.7813527250537132;0.7303908370629885;0.7303908370629885;0.7303908370629885
0.779152650281972;0.73560507827419;0.7638060367119635;0.7638060367119635
0.8284402633707907;0.7917249535642717;0.7998631201480009;0.7998631201480009
0.8200298215335141;0.7779705801081351;0.8121178346367273;0.8121178346367273
0.9236735779702204;0.8287523839785212;0.9236735779702204;0.9236735779702204
1.0;0.942274210131305;0.960758822349336;0.960758822349336
0.9940599541216003;0.878815803433895;0.9016466573632972;0.9016466573632972
0.9438441854884877;0.8993766582151059;0.933323905946267;0.933323905946267
0.9318816709304683;0.8822502961585651;0.8972965095191725;0.8972965095191725
0.8975484720823715;0.8269741975450775;0.8962285052219784;0.8962285052219784
0.92629749514667;0.8727359108026645;0.8848242116356563;0.8848242116356563
0.8307583121519966;0.7855149765119916;0.7955250827154611;0.7955250827154611
0.8292504469056885;0.7658061046862736;0.774902505836563;0.774902505836563
0.8288121520097975;0.7206905073875841;0.7877107551377235;0.7877107551377235
0.7849028457081137;0.7276766828197417;0.7286130426428672;0.7286130426428672
0.7458956620099689;0.6009544080365109;0.6050088418304984;0.6050088418304984
0.6557183772447688;0.5870340129379635;0.6206871086720753;0.6206871086720753
0.701203909116055;0.6289276247342542;0.6880214290962892;0.6880214290962892
0.7597558990639853;0.6891335768937439;0.7531115312485005;0.7531115312485005
0.7734083150549954;0.7091983208141306;0.7188287261130856;0.7188287261130856
0.8153898198384167;0.7015718896222406;0.8044753869004991;0.8044753869004991
0.8335584073160308;0.7695761548151976;0.7933312581561396;0.7933312581561396
0.7635861072374401;0.7078201479755488;0.7296747987277096;0.7296747987277096
0.7887209454700523;0.7242906297413424;0.7701363298533059;0.7701363298533059
0.8278781362663391;0.7888889191788069;0.8107877114311602;0.8107877114311602
0.8253600806877022;0.7919108978837748;0.8068735144032603;0.8068735144032603
0.8464190003961468;0.7890811137107304;0.8334685602624884;0.8334685602624884
0.87565983817526;0.8428286443743077;0.87565983817526;0.87565983817526